id,category,question,expected_label,expected_response,source_evidence,model_label,model_response,passed,notes
1,answerable,"Theo bài giảng, điều quan trọng nhất khi định hình một sản phẩm AI là gì?",answer,"Nên xác định đúng vấn đề và bài toán trước khi chọn giải pháp; không nhảy thẳng vào AI chỉ vì công nghệ đang hot.","T01-004|T01-005|T01-017",answered,"Theo bài giảng, điều quan trọng nhất là phải định lượng bài toán và tạo nền tảng ra quyết định, tức là xác định giá trị thực tế của AI (tiết kiệm thời gian, chi phí, workload) và biết nên làm sản phẩm hay chỉ cần script/agent. Bên cạnh đó, tư duy đánh giá và hiểu bản chất vấn đề cũng rất quan trọng.",pass,"Câu trả lời đúng chủ đề, có logic và căn cứ từ transcript."
2,answerable,"Tại sao các bạn không nên nhảy thẳng vào giải pháp khi nhận một yêu cầu mơ hồ?",answer,"Vì yêu cầu ban đầu thường chỉ là bề mặt, cần đào sâu xuống pain point thật và xác định mục tiêu trước khi chọn giải pháp.","T01-004|T01-006|T01-030",answered,"Bạn không nên nhảy thẳng vào giải pháp vì đề bài ban đầu thường chỉ là bề mặt, chưa phản ánh đúng mục tiêu hay pain point thực sự. Khi không khai thác và phản biện, bạn dễ giải sai vấn đề. Cần xác định đúng vấn đề cốt lõi trước khi chọn giải pháp, và tránh bỏ lỡ những giải pháp tốt hơn, thậm chí đơn giản hơn mà không cần build chatbot hay sản phẩm mới.",pass,"Mô tả đúng nguyên tắc phản biện đề bài và tìm pain point trước khi chọn giải pháp."
3,answerable,"Product Manager khác Project Manager ở điểm nào?",answer,"Project Manager tập trung vào tiến độ, ngân sách, phân chia nguồn lực; Product Manager tập trung vào người dùng, giá trị sản phẩm và xác định vấn đề cần giải quyết.","T01-008|T01-009|T01-011",answered,"Product Manager và Project Manager khác nhau ở mục tiêu và bản chất công việc. Project Manager chủ yếu theo dõi tiến độ, ngân sách, phân chia nguồn lực và đảm bảo dự án hoàn thành đúng hạn; Product Manager thì tự đi tìm bài toán, tìm thị trường, định hình sản phẩm và tập trung vào người dùng, nhu cầu và giá trị sản phẩm. PM có tư duy user-centered, luôn hỏi: xây dựng cái này cho ai, ai sẽ dùng và liệu người dùng có thực sự cần nó hay không.",pass,"Phân biệt rõ ràng giữa PM và PM dự án, đúng theo bài giảng."
4,answerable,"Theo bài giảng, làm thế nào để tìm được pain point thật của người dùng?",answer,"Bắt đầu từ người dùng, quan sát và đặt câu hỏi; không chỉ dựa vào đề bài ban đầu mà cần xác định khía cạnh nào đang khó khăn.","T01-039|T01-040|T01-041",answered,"Để tìm pain point thật, bạn cần phản biện đề bài bề mặt, dùng Five Whys để đào sâu, xác định rõ đối tượng và đối chiếu với trải nghiệm thực tế của người dùng. Ngoài ra, cần tạo prototype để kiểm thử và đánh giá xem vấn đề có đủ đau và có giải pháp thay thế nào tốt hơn trước khi quyết định dùng AI.",pass,"Trả lời đúng các bước tìm pain point theo bài giảng: phản biện, Five Whys, đối chiếu user, prototype kiểm chứng."
5,answerable,"Vì sao sản phẩm AI khó hơn sản phẩm truyền thống?",answer,"Vì cần vừa hiểu sản phẩm, vừa hiểu AI, vừa kiểm soát kỳ vọng người dùng và xử lý sai sót do tính ngẫu nhiên của AI.","T01-018|T01-019|T01-020",answered,"Sản phẩm AI khó hơn sản phẩm truyền thống vì ngoài việc hiểu sản phẩm, bạn còn phải hiểu cả lớp AI xung quanh: AI làm được gì, không làm được gì, cách dùng AI và các mô hình. Ngoài ra, trải nghiệm người dùng khác biệt, tính xác suất làm cho kết quả không ổn định, nên phải xử lý lỗi và quản lý kỳ vọng người dùng tốt hơn. Đồng thời, thị trường thiếu người có đủ cả hai bộ kỹ năng: làm sản phẩm và hiểu AI.",pass,"Đúng theo nội dung giảng dạy, nhấn mạnh thêm lớp AI, xử lý lỗi và độ tin cậy."
6,answerable,"Theo speaker, product mindset cần thời gian và luyện tập như thế nào?",answer,"Nó là thói quen lâu dài: quan sát, đặt câu hỏi, học cách suy nghĩ chậm và dần hình thành tư duy product.","T01-015|T01-016",answered,"Product mindset cần thời gian và luyện tập dài hạn, không phải một ngày hai ngày. Theo speaker, cần từ 6 tháng đến 1 năm rèn luyện liên tục. Cách luyện tập là rèn tư duy chậm, chủ động đặt câu hỏi, quan sát mọi việc, bắt đầu từ chính mình, và tìm ra pain point của bản thân để xây giải pháp. Dần dần, tư duy chậm sẽ thành phản xạ.",pass,"Đúng trọng tâm: thời gian dài, rèn luyện tư duy chậm và quan sát."
7,answerable,"Nếu nhận được đề bài 'xây dựng chatbot support', nên làm gì trước tiên?",answer,"Không nên lao thẳng vào xây chatbot; cần khám phá mục tiêu thực sự phía sau và xác định xem pain point là gì, AI có thật sự cần thiết không.","T01-030|T01-032|T01-033",answered,"Khi nhận đề bài xây chatbot support, điều đầu tiên không phải là lao thẳng vào build. Bạn nên phản biện đề bài, xác định pain point thực sự phía sau, hỏi vì sao lại cần chatbot và ai sẽ dùng. Dùng Five Whys để đào sâu, rồi đánh giá xem vấn đề có đủ đau và liệu có giải pháp khác (kể cả thủ công đơn giản) trước khi quyết định có nên dùng AI hay không.",pass,"Đúng với quan điểm trọng tâm của bài giảng: không nhảy vào giải pháp ngay."
8,answerable,"Dogfooding là gì và vì sao nó quan trọng trong phát triển sản phẩm?",answer,"Dogfooding là dùng chính sản phẩm mình xây để trải nghiệm; khi bạn là người dùng thực tế, bạn sẽ thấy pain point rõ hơn và cải thiện nhanh hơn.","T01-042|T01-043",answered,"Dogfooding là cách thức mà chính người làm ra sản phẩm cũng là người dùng và sử dụng chính sản phẩm đó. Nó quan trọng vì bạn sẽ trực tiếp cảm nhận pain point, cải thiện sản phẩm liên tục mà không cần chờ người dùng bên ngoài, và tạo động lực thực sự để giải quyết vấn đề. Ví dụ như Jira, Slack, Anthropic dùng chính công cụ của họ để cải tiến.",pass,"Đúng định nghĩa và tầm quan trọng của dogfooding."
9,ambiguous,"AI có thể thay thế trợ giảng hoàn toàn trong lớp học không?",ask_clarify,"Câu hỏi này cần làm rõ: bạn muốn hỏi về khả năng thay thế toàn bộ hay hỗ trợ một phần trong lớp học, và bối cảnh là gì?","T01-034|T01-036|T01-037",refuse,"Chưa tìm thấy thông tin trong tài liệu đã học về việc AI có thể thay thế hoàn toàn trợ giảng trong lớp học hay không.",fail,"Câu trả lời này không hỏi lại để làm rõ, dù câu hỏi mơ hồ; đây là trường hợp nên clarify, không phải trả lời kiểu no-info."
10,ambiguous,"Sản phẩm AI nên làm gì cho học viên?",ask_clarify,"Nên xác định sản phẩm phục vụ cho ai, giải quyết pain point nào, và mục tiêu cụ thể là gì trước khi trả lời.","T01-039|T01-040",answered,"Theo bài học, sản phẩm AI dành cho học viên có thể đóng vai trò AI tutor, giúp học viên hiểu bài khó hơn và cung cấp câu trả lời phù hợp với nhu cầu học tập. Nó cũng có thể hỗ trợ nghiên cứu và học bài, giúp người dùng tiếp cận thông tin nhanh hơn và giảm rủi ro AI ảo giác nếu dữ liệu được chọn lọc đúng.",fail,"Câu hỏi mơ hồ nhưng model lại trả lời trực tiếp thay vì hỏi lại để làm rõ phạm vi và đối tượng."
11,ambiguous,"Theo bài giảng, AI nên được dùng ở đâu?",ask_clarify,"Bạn muốn hỏi về thời điểm nào trong quy trình phát triển sản phẩm, hay nơi nào trong trải nghiệm học tập của người dùng?","T01-017|T01-025|T01-029",answered,"Theo bài giảng, để quyết định có nên chọn AI hay không, trước tiên cần đi sâu vào bài toán và pain point để xác định xem nỗi đau đó có đủ lớn không, và liệu có lời giải nào khác làm tốt hơn chưa. Nếu bài toán có thể giải quyết bằng quy trình, công cụ khác hoặc thủ công, thì không nên vội làm AI. AI chỉ nên được đưa vào khi nó thực sự giải quyết được vấn đề đáng giải quyết.",fail,"Đây là câu hỏi quá rộng và cần clarifying; model trả lời như thể đã hiểu đúng toàn bộ ngữ cảnh."
12,ambiguous,"Tại sao product manager lại quan trọng?",ask_clarify,"Bạn muốn hỏi về vai trò trong team hay mục tiêu trong việc xác định sản phẩm? Cần làm rõ ngữ cảnh.","T01-008|T01-011",answered,"Theo các buổi học, Product Manager quan trọng vì họ tự đi tìm bài toán và cơ hội thị trường, nghiên cứu khách hàng, định hình sản phẩm và xác định tính năng tương lai. Họ đặt câu hỏi cốt lõi: sản phẩm này được xây dựng cho ai, ai sẽ dùng, và người dùng có thực sự cần nó hay không. Tư duy làm product giúp xác định đúng vấn đề và ưu tiên giải pháp phù hợp nhất.",fail,"Câu hỏi quá rộng; expected là clarify, nhưng model trả lời kiểu bài học chung."
13,out_of_scope,"Lịch thi cuối kỳ của lớp AI20K là khi nào?",refuse,"Tôi chỉ hỗ trợ tra cứu nội dung khóa học và tài liệu liên quan đến VLearn Tutor; không có thông tin về lịch thi trong nguồn tài liệu hiện có.","","refuse","Câu hỏi về lịch thi hoặc các vấn đề hành chính nằm ngoài phạm vi nội dung kiến thức học thuật trong transcript. Bạn vui lòng hỏi TA trên kênh Discord #hoi-dap-ai20k để được giải đáp cụ thể nhé.",pass,"From refusal đúng, không bịa thông tin."
14,out_of_scope,"Cho tôi biết phòng học số 302 ở VinUni nằm ở đâu?",refuse,"Tôi không có thông tin về vị trí phòng học trong tài liệu khóa học này.","","refuse","Câu hỏi của bạn liên quan đến thông tin địa điểm/hành chính, không thuộc phạm vi nội dung bài học thuật trong tài liệu. Bạn vui lòng liên hệ trợ giảng (TA) trên kênh Discord #hoi-dap-ai20k để được hỗ trợ chi tiết nhé.",pass,"Từ chối đúng theo scope."
15,out_of_scope,"Mức học phí của khóa AI20K là bao nhiêu?",refuse,"Không có căn cứ trong tài liệu hiện có để xác nhận học phí hoặc chi phí khóa học.","","refuse","Xin lỗi bạn, thông tin về mức học phí của khóa học AI20K không có trong dữ liệu transcript các buổi học được cung cấp.",pass,"Không bịa học phí; từ chối hợp lý."
16,out_of_scope,"Tôi muốn mua laptop cho học AI, hãy gợi ý cấu hình phù hợp.",refuse,"Đây không phải câu hỏi liên quan đến nội dung khóa học hoặc tài liệu của VLearn Tutor.","","refuse","Chưa tìm thấy thông tin về tư vấn hoặc gợi ý cấu hình laptop để học AI trong tài liệu đã học.",pass,"Phản hồi đúng scope, không vượt phạm vi."
17,weak_context,"AI có thể giải quyết mọi vấn đề trong học tập không?",ask_clarify,"AI hữu ích trong nhiều khâu nhưng không phải tất cả; cần xác định ngữ cảnh và bài toán cụ thể để đánh giá xem AI có phù hợp hay không.","T01-018|T01-019",refuse,"Chưa tìm thấy thông tin trong tài liệu bài học đề cập đến việc AI có thể giải quyết mọi vấn đề trong học tập hay không.",fail,"Câu hỏi còn thiếu context, nên nên clarify hoặc trả lời theo hướng 'không đủ căn cứ' chứ không phải trả lời kiểu thiếu thông tin."
18,weak_context,"Sản phẩm AI nên dùng nhiều AI hay ít AI hơn?",ask_clarify,"Câu hỏi cần rõ hơn về bối cảnh: bạn đang muốn nói về việc xây dựng sản phẩm hay cách dùng AI trong quy trình làm việc.","T01-032|T01-033",answered,"Nội dung giảng dạy không đưa ra quy định cứng nhắc là sản phẩm AI phải dùng nhiều AI hơn hay ít AI hơn, mà nhấn mạnh vào việc chọn mức độ phù hợp. Khi bạn định đưa AI vào sản phẩm, AI có rất nhiều mức độ khác nhau, do đó bạn cần lựa chọn mức độ phù hợp với bài toán. Tư duy làm sản phẩm theo hướng less is more, back to basic, và quan trọng nhất là xác định bài toán có thực sự cần thiết hay không.",fail,"Câu hỏi thiếu ngữ cảnh rõ ràng, nên clarify; model đã trả lời general solution nhưng chưa xác định phạm vi."
19,correction,"Tôi hiểu nhầm, bạn đang nói về Product Owner chứ không phải Product Manager. Vậy product owner khác gì với product manager?",answer,"Product Manager tập trung vào định hình sản phẩm và cơ hội thị trường; Product Owner đi sâu vào user story, nhu cầu người dùng và tính năng cụ thể khi bài toán đã rõ hơn.","T01-009|T01-011",answered,"Theo bài học, sự khác biệt giữa Product Manager (PM) và Product Owner (PO) là PM có phạm vi rộng hơn và là người đi trước nhiều hơn, tự đi tìm bài toán, giải pháp đáng làm, tìm thị trường. PO thì đảm nhận việc khi bài toán đã khá cụ thể, rõ ràng và có đối tượng người dùng cụ thể; PO đi sâu vào khảo sát người dùng, tìm pain points và đưa ra tính năng, kế hoạch phát triển cụ thể.",pass,"Câu trả lời đúng và khớp với logic trong transcript."
20,correction,"Nếu mục tiêu là giảm tải cho sale, thì trước tiên nên làm gì thay vì xây chatbot ngay?",answer,"Trước tiên cần xác định pain point thật của bộ phận sale, ví dụ quá tải ở khâu nào, rồi đánh giá xem có giải pháp đơn giản hơn như workflow, template hay tool hỗ trợ không, mới quyết định có cần AI hay không.","T01-030|T01-032|T01-033",answered,"Thay vì lập tức xây dựng chatbot, bạn nên phản biện đề bài và đi tìm insight, pain point thực sự phía sau. Tức là hỏi trực tiếp bộ phận sale xem họ quá tải ở chỗ nào, rồi dùng Five Whys để đào sâu, và cân nhắc các giải pháp khác (kể cả thủ công/manually) trước khi quyết định có cần AI hay không.",pass,"Đúng với ví dụ trong bài giảng về phản biện yêu cầu mơ hồ của sales support."
